{
 "cells": [
  {
   "cell_type": "code",
   "execution_count": 1,
   "id": "e661604a-88fb-489e-b062-6dead79a0956",
   "metadata": {},
   "outputs": [],
   "source": [
    "#hide\n",
    "options(jupyter.plot_scale=3)\n",
    "#options(jupyter.display_mimetypes=c(\"text/html\"))\n",
    "options(jupyter.rich_display=FALSE)\n",
    "options(repr.plot.width=6,repr.plot.height=6,repr.plot.res=300)\n",
    "options(max.print=200)"
   ]
  },
  {
   "cell_type": "code",
   "execution_count": 2,
   "id": "def096d3-c777-45ca-afa3-d1b8be270c5f",
   "metadata": {},
   "outputs": [
    {
     "name": "stderr",
     "output_type": "stream",
     "text": [
      "── \u001b[1mAttaching packages\u001b[22m ─────────────────────────────────────── tidyverse 1.3.1 ──\n",
      "\n",
      "\u001b[32m✔\u001b[39m \u001b[34mggplot2\u001b[39m 3.3.5     \u001b[32m✔\u001b[39m \u001b[34mpurrr  \u001b[39m 0.3.4\n",
      "\u001b[32m✔\u001b[39m \u001b[34mtibble \u001b[39m 3.1.5     \u001b[32m✔\u001b[39m \u001b[34mdplyr  \u001b[39m 1.0.7\n",
      "\u001b[32m✔\u001b[39m \u001b[34mtidyr  \u001b[39m 1.1.4     \u001b[32m✔\u001b[39m \u001b[34mstringr\u001b[39m 1.4.0\n",
      "\u001b[32m✔\u001b[39m \u001b[34mreadr  \u001b[39m 2.0.2     \u001b[32m✔\u001b[39m \u001b[34mforcats\u001b[39m 0.5.1\n",
      "\n",
      "── \u001b[1mConflicts\u001b[22m ────────────────────────────────────────── tidyverse_conflicts() ──\n",
      "\u001b[31m✖\u001b[39m \u001b[34mdplyr\u001b[39m::\u001b[32mfilter()\u001b[39m masks \u001b[34mstats\u001b[39m::filter()\n",
      "\u001b[31m✖\u001b[39m \u001b[34mdplyr\u001b[39m::\u001b[32mlag()\u001b[39m    masks \u001b[34mstats\u001b[39m::lag()\n",
      "\n"
     ]
    }
   ],
   "source": [
    "library(tidyverse)"
   ]
  },
  {
   "cell_type": "markdown",
   "id": "3a4511d4-d0a1-441d-9d27-df44ee0802af",
   "metadata": {},
   "source": [
    "`-` 길이가 50인 벡터생성 "
   ]
  },
  {
   "cell_type": "code",
   "execution_count": 3,
   "id": "f0013503-d001-46dd-a545-37bcddbf8eef",
   "metadata": {},
   "outputs": [
    {
     "data": {
      "text/plain": [
       " [1]  1.060903671 -1.050525685 -1.029060417  0.105570300  3.191296693\n",
       " [6]  1.484966210  0.417302338  0.534368824 -0.578862453  0.217849930\n",
       "[11]  0.277640652  0.959482038  0.599124995 -1.369148841 -0.184630375\n",
       "[16]  1.737383374  0.101137345  0.004699876  0.614463660  0.474925638\n",
       "[21] -0.374634455 -0.943584689  0.721886271  0.723253527  2.237329663\n",
       "[26] -1.314024990 -0.461653462  1.183512730 -1.199149438 -1.634865774\n",
       "[31] -1.964670330 -0.606761036 -0.271513021  0.993863450 -0.765204820\n",
       "[36] -0.087541551 -0.974917547 -1.308019597  0.540011408  0.588260331\n",
       "[41] -0.584488995 -0.935663721 -2.044052604 -0.540785388  0.603286167\n",
       "[46]  0.611568686  0.486046299 -0.611870638 -0.348416804  1.100173087"
      ]
     },
     "metadata": {},
     "output_type": "display_data"
    }
   ],
   "source": [
    "A = rnorm(10*5)\n",
    "A ## 길이가 50인 벡터에 정규분포에 추출한 값 "
   ]
  },
  {
   "cell_type": "markdown",
   "id": "11d50a02-f1e6-462f-a6a1-03aa191db854",
   "metadata": {},
   "source": [
    "`-` 매트릭스로 변경 "
   ]
  },
  {
   "cell_type": "code",
   "execution_count": 4,
   "id": "1b614426-9cc2-4ced-af35-0e1cfc3596d4",
   "metadata": {},
   "outputs": [
    {
     "data": {
      "text/plain": [
       "      [,1]       [,2]         [,3]       [,4]        [,5]      \n",
       " [1,]  1.0609037  0.277640652 -0.3746345 -1.96467033 -0.5844890\n",
       " [2,] -1.0505257  0.959482038 -0.9435847 -0.60676104 -0.9356637\n",
       " [3,] -1.0290604  0.599124995  0.7218863 -0.27151302 -2.0440526\n",
       " [4,]  0.1055703 -1.369148841  0.7232535  0.99386345 -0.5407854\n",
       " [5,]  3.1912967 -0.184630375  2.2373297 -0.76520482  0.6032862\n",
       " [6,]  1.4849662  1.737383374 -1.3140250 -0.08754155  0.6115687\n",
       " [7,]  0.4173023  0.101137345 -0.4616535 -0.97491755  0.4860463\n",
       " [8,]  0.5343688  0.004699876  1.1835127 -1.30801960 -0.6118706\n",
       " [9,] -0.5788625  0.614463660 -1.1991494  0.54001141 -0.3484168\n",
       "[10,]  0.2178499  0.474925638 -1.6348658  0.58826033  1.1001731"
      ]
     },
     "metadata": {},
     "output_type": "display_data"
    }
   ],
   "source": [
    "dim(A) = c(10,5) \n",
    "A"
   ]
  },
  {
   "cell_type": "markdown",
   "id": "54aa7580-ef0b-478d-8cb4-84e241c2c983",
   "metadata": {},
   "source": [
    "`-` 티블로 변경 (자동으로 V1,...,V5 열의 이름이 지정됨) "
   ]
  },
  {
   "cell_type": "code",
   "execution_count": 5,
   "id": "976bde17-c9b5-4961-aadc-ce6f6a1aae5c",
   "metadata": {},
   "outputs": [
    {
     "name": "stderr",
     "output_type": "stream",
     "text": [
      "Warning message:\n",
      "“The `x` argument of `as_tibble.matrix()` must have unique column names if `.name_repair` is omitted as of tibble 2.0.0.\n",
      "Using compatibility `.name_repair`.\n",
      "\u001b[90mThis warning is displayed once every 8 hours.\u001b[39m\n",
      "\u001b[90mCall `lifecycle::last_lifecycle_warnings()` to see where this warning was generated.\u001b[39m”\n"
     ]
    },
    {
     "data": {
      "text/plain": [
       "   V1         V2           V3         V4          V5        \n",
       "1   1.0609037  0.277640652 -0.3746345 -1.96467033 -0.5844890\n",
       "2  -1.0505257  0.959482038 -0.9435847 -0.60676104 -0.9356637\n",
       "3  -1.0290604  0.599124995  0.7218863 -0.27151302 -2.0440526\n",
       "4   0.1055703 -1.369148841  0.7232535  0.99386345 -0.5407854\n",
       "5   3.1912967 -0.184630375  2.2373297 -0.76520482  0.6032862\n",
       "6   1.4849662  1.737383374 -1.3140250 -0.08754155  0.6115687\n",
       "7   0.4173023  0.101137345 -0.4616535 -0.97491755  0.4860463\n",
       "8   0.5343688  0.004699876  1.1835127 -1.30801960 -0.6118706\n",
       "9  -0.5788625  0.614463660 -1.1991494  0.54001141 -0.3484168\n",
       "10  0.2178499  0.474925638 -1.6348658  0.58826033  1.1001731"
      ]
     },
     "metadata": {},
     "output_type": "display_data"
    }
   ],
   "source": [
    "A = as_tibble(A) \n",
    "A"
   ]
  },
  {
   "cell_type": "markdown",
   "id": "038cbfdf-1d90-4870-b192-bf72180b8c89",
   "metadata": {},
   "source": [
    "`-` 컬럼의 이름 확인 "
   ]
  },
  {
   "cell_type": "code",
   "execution_count": 6,
   "id": "ebd512cd-79bb-463e-87e1-192927923e31",
   "metadata": {},
   "outputs": [
    {
     "data": {
      "text/plain": [
       "[1] \"V1\" \"V2\" \"V3\" \"V4\" \"V5\""
      ]
     },
     "metadata": {},
     "output_type": "display_data"
    }
   ],
   "source": [
    "colnames(A)"
   ]
  },
  {
   "cell_type": "markdown",
   "id": "60cdafb5-ac8a-4896-aa19-67177a3cf5af",
   "metadata": {},
   "source": [
    "`-` 칼럼의 이름을 바꾸고 싶다면? "
   ]
  },
  {
   "cell_type": "code",
   "execution_count": 7,
   "id": "78106c60-638b-4c00-9282-644a8f300815",
   "metadata": {},
   "outputs": [
    {
     "data": {
      "text/plain": [
       "   X1         X2           X3         X4          X5        \n",
       "1   1.0609037  0.277640652 -0.3746345 -1.96467033 -0.5844890\n",
       "2  -1.0505257  0.959482038 -0.9435847 -0.60676104 -0.9356637\n",
       "3  -1.0290604  0.599124995  0.7218863 -0.27151302 -2.0440526\n",
       "4   0.1055703 -1.369148841  0.7232535  0.99386345 -0.5407854\n",
       "5   3.1912967 -0.184630375  2.2373297 -0.76520482  0.6032862\n",
       "6   1.4849662  1.737383374 -1.3140250 -0.08754155  0.6115687\n",
       "7   0.4173023  0.101137345 -0.4616535 -0.97491755  0.4860463\n",
       "8   0.5343688  0.004699876  1.1835127 -1.30801960 -0.6118706\n",
       "9  -0.5788625  0.614463660 -1.1991494  0.54001141 -0.3484168\n",
       "10  0.2178499  0.474925638 -1.6348658  0.58826033  1.1001731"
      ]
     },
     "metadata": {},
     "output_type": "display_data"
    }
   ],
   "source": [
    "colnames(A) = c('X1','X2','X3','X4','X5') \n",
    "A"
   ]
  },
  {
   "cell_type": "markdown",
   "id": "22ff503b-f8f5-4ccf-81f8-882adff87f86",
   "metadata": {},
   "source": [
    "### select() "
   ]
  },
  {
   "cell_type": "markdown",
   "id": "aeaf7c87-e718-4e27-9f2d-d74c6e6d4bd1",
   "metadata": {},
   "source": [
    "`-` 처음 3개의 칼럼과 마지막 1개의 칼럼을 선택하고 싶다면? "
   ]
  },
  {
   "cell_type": "code",
   "execution_count": 8,
   "id": "368d75e4-0c47-4ca5-8679-29523e78f2d5",
   "metadata": {},
   "outputs": [
    {
     "data": {
      "text/plain": [
       "   X1         X2           X3         X5        \n",
       "1   1.0609037  0.277640652 -0.3746345 -0.5844890\n",
       "2  -1.0505257  0.959482038 -0.9435847 -0.9356637\n",
       "3  -1.0290604  0.599124995  0.7218863 -2.0440526\n",
       "4   0.1055703 -1.369148841  0.7232535 -0.5407854\n",
       "5   3.1912967 -0.184630375  2.2373297  0.6032862\n",
       "6   1.4849662  1.737383374 -1.3140250  0.6115687\n",
       "7   0.4173023  0.101137345 -0.4616535  0.4860463\n",
       "8   0.5343688  0.004699876  1.1835127 -0.6118706\n",
       "9  -0.5788625  0.614463660 -1.1991494 -0.3484168\n",
       "10  0.2178499  0.474925638 -1.6348658  1.1001731"
      ]
     },
     "metadata": {},
     "output_type": "display_data"
    }
   ],
   "source": [
    "A %>% select(1:3,5) "
   ]
  },
  {
   "cell_type": "markdown",
   "id": "9d5961c4-6560-43af-ab07-39218421b54c",
   "metadata": {},
   "source": [
    "`-` 열의 이름을 통하여서도 선택할 수 있음 "
   ]
  },
  {
   "cell_type": "code",
   "execution_count": 9,
   "id": "0af820dd-6feb-4516-8b20-092cfe6e1ce4",
   "metadata": {},
   "outputs": [
    {
     "data": {
      "text/plain": [
       "   X1         X2           X3         X5        \n",
       "1   1.0609037  0.277640652 -0.3746345 -0.5844890\n",
       "2  -1.0505257  0.959482038 -0.9435847 -0.9356637\n",
       "3  -1.0290604  0.599124995  0.7218863 -2.0440526\n",
       "4   0.1055703 -1.369148841  0.7232535 -0.5407854\n",
       "5   3.1912967 -0.184630375  2.2373297  0.6032862\n",
       "6   1.4849662  1.737383374 -1.3140250  0.6115687\n",
       "7   0.4173023  0.101137345 -0.4616535  0.4860463\n",
       "8   0.5343688  0.004699876  1.1835127 -0.6118706\n",
       "9  -0.5788625  0.614463660 -1.1991494 -0.3484168\n",
       "10  0.2178499  0.474925638 -1.6348658  1.1001731"
      ]
     },
     "metadata": {},
     "output_type": "display_data"
    }
   ],
   "source": [
    "A %>% select(X1:X3,X5) "
   ]
  },
  {
   "cell_type": "markdown",
   "id": "6e466d06-70c7-4026-b55d-dd40ae9df17c",
   "metadata": {},
   "source": [
    "`-` 열의 이름과 위치인덱스를 혼합하여 사용할 수 있음 "
   ]
  },
  {
   "cell_type": "code",
   "execution_count": 10,
   "id": "6a3cb855-fcd8-4a7c-b513-3c20cdb04c50",
   "metadata": {},
   "outputs": [
    {
     "data": {
      "text/plain": [
       "   X1         X2           X3         X5        \n",
       "1   1.0609037  0.277640652 -0.3746345 -0.5844890\n",
       "2  -1.0505257  0.959482038 -0.9435847 -0.9356637\n",
       "3  -1.0290604  0.599124995  0.7218863 -2.0440526\n",
       "4   0.1055703 -1.369148841  0.7232535 -0.5407854\n",
       "5   3.1912967 -0.184630375  2.2373297  0.6032862\n",
       "6   1.4849662  1.737383374 -1.3140250  0.6115687\n",
       "7   0.4173023  0.101137345 -0.4616535  0.4860463\n",
       "8   0.5343688  0.004699876  1.1835127 -0.6118706\n",
       "9  -0.5788625  0.614463660 -1.1991494 -0.3484168\n",
       "10  0.2178499  0.474925638 -1.6348658  1.1001731"
      ]
     },
     "metadata": {},
     "output_type": "display_data"
    }
   ],
   "source": [
    "A %>% select(X1:X3, 5)"
   ]
  },
  {
   "cell_type": "markdown",
   "id": "5547f845-3d57-48f3-8fd0-dfaabebf6f55",
   "metadata": {},
   "source": [
    "`-` 열의 이름과 위치인덱스를 혼합하여 사용할 수 있음 (2) "
   ]
  },
  {
   "cell_type": "code",
   "execution_count": 11,
   "id": "23b3b8e1-ab89-4ad7-8e50-9951885f9992",
   "metadata": {},
   "outputs": [
    {
     "data": {
      "text/plain": [
       "   X1         X2           X3         X5        \n",
       "1   1.0609037  0.277640652 -0.3746345 -0.5844890\n",
       "2  -1.0505257  0.959482038 -0.9435847 -0.9356637\n",
       "3  -1.0290604  0.599124995  0.7218863 -2.0440526\n",
       "4   0.1055703 -1.369148841  0.7232535 -0.5407854\n",
       "5   3.1912967 -0.184630375  2.2373297  0.6032862\n",
       "6   1.4849662  1.737383374 -1.3140250  0.6115687\n",
       "7   0.4173023  0.101137345 -0.4616535  0.4860463\n",
       "8   0.5343688  0.004699876  1.1835127 -0.6118706\n",
       "9  -0.5788625  0.614463660 -1.1991494 -0.3484168\n",
       "10  0.2178499  0.474925638 -1.6348658  1.1001731"
      ]
     },
     "metadata": {},
     "output_type": "display_data"
    }
   ],
   "source": [
    "A %>% select(1:3, X5)"
   ]
  },
  {
   "cell_type": "markdown",
   "id": "35ca442d-3435-4c53-9101-14d3518f79f5",
   "metadata": {},
   "source": [
    "`-` 선택한 결과를 다른 변수에 저장가능 "
   ]
  },
  {
   "cell_type": "code",
   "execution_count": 12,
   "id": "ece9bf08-a495-4c74-acd1-6af85532bfbc",
   "metadata": {},
   "outputs": [
    {
     "data": {
      "text/plain": [
       "   X1         X2           X3         X5        \n",
       "1   1.0609037  0.277640652 -0.3746345 -0.5844890\n",
       "2  -1.0505257  0.959482038 -0.9435847 -0.9356637\n",
       "3  -1.0290604  0.599124995  0.7218863 -2.0440526\n",
       "4   0.1055703 -1.369148841  0.7232535 -0.5407854\n",
       "5   3.1912967 -0.184630375  2.2373297  0.6032862\n",
       "6   1.4849662  1.737383374 -1.3140250  0.6115687\n",
       "7   0.4173023  0.101137345 -0.4616535  0.4860463\n",
       "8   0.5343688  0.004699876  1.1835127 -0.6118706\n",
       "9  -0.5788625  0.614463660 -1.1991494 -0.3484168\n",
       "10  0.2178499  0.474925638 -1.6348658  1.1001731"
      ]
     },
     "metadata": {},
     "output_type": "display_data"
    }
   ],
   "source": [
    "A %>% select(1:3, X5) -> B \n",
    "B"
   ]
  },
  {
   "cell_type": "markdown",
   "id": "6a35c3cd-f180-45b2-85cc-387a9a10078c",
   "metadata": {
    "tags": []
   },
   "source": [
    "#### select(-c()) "
   ]
  },
  {
   "cell_type": "markdown",
   "id": "b92601f3-608c-4ae3-8d54-b569c288353a",
   "metadata": {},
   "source": [
    "`-` A라는 자료를 다시 살펴보자. "
   ]
  },
  {
   "cell_type": "code",
   "execution_count": 13,
   "id": "45374d72-dab8-4692-a4c4-a28933850e88",
   "metadata": {},
   "outputs": [
    {
     "data": {
      "text/plain": [
       "   X1         X2           X3         X4          X5        \n",
       "1   1.0609037  0.277640652 -0.3746345 -1.96467033 -0.5844890\n",
       "2  -1.0505257  0.959482038 -0.9435847 -0.60676104 -0.9356637\n",
       "3  -1.0290604  0.599124995  0.7218863 -0.27151302 -2.0440526\n",
       "4   0.1055703 -1.369148841  0.7232535  0.99386345 -0.5407854\n",
       "5   3.1912967 -0.184630375  2.2373297 -0.76520482  0.6032862\n",
       "6   1.4849662  1.737383374 -1.3140250 -0.08754155  0.6115687\n",
       "7   0.4173023  0.101137345 -0.4616535 -0.97491755  0.4860463\n",
       "8   0.5343688  0.004699876  1.1835127 -1.30801960 -0.6118706\n",
       "9  -0.5788625  0.614463660 -1.1991494  0.54001141 -0.3484168\n",
       "10  0.2178499  0.474925638 -1.6348658  0.58826033  1.1001731"
      ]
     },
     "metadata": {},
     "output_type": "display_data"
    }
   ],
   "source": [
    "A"
   ]
  },
  {
   "cell_type": "markdown",
   "id": "49761652-02cd-40e7-ad34-56cc5be558c3",
   "metadata": {},
   "source": [
    "`-` 특정열을 제외하고 선택 "
   ]
  },
  {
   "cell_type": "code",
   "execution_count": 14,
   "id": "fd290f0b-d0a8-4629-b90c-cdcc85bf516f",
   "metadata": {},
   "outputs": [
    {
     "data": {
      "text/plain": [
       "   X4          X5        \n",
       "1  -1.96467033 -0.5844890\n",
       "2  -0.60676104 -0.9356637\n",
       "3  -0.27151302 -2.0440526\n",
       "4   0.99386345 -0.5407854\n",
       "5  -0.76520482  0.6032862\n",
       "6  -0.08754155  0.6115687\n",
       "7  -0.97491755  0.4860463\n",
       "8  -1.30801960 -0.6118706\n",
       "9   0.54001141 -0.3484168\n",
       "10  0.58826033  1.1001731"
      ]
     },
     "metadata": {},
     "output_type": "display_data"
    }
   ],
   "source": [
    "A %>% select(-(X1:X3))"
   ]
  },
  {
   "cell_type": "code",
   "execution_count": 15,
   "id": "932c07e7-59a7-4a12-9114-3cc92d5b5efc",
   "metadata": {},
   "outputs": [
    {
     "data": {
      "text/plain": [
       "   X4          X5        \n",
       "1  -1.96467033 -0.5844890\n",
       "2  -0.60676104 -0.9356637\n",
       "3  -0.27151302 -2.0440526\n",
       "4   0.99386345 -0.5407854\n",
       "5  -0.76520482  0.6032862\n",
       "6  -0.08754155  0.6115687\n",
       "7  -0.97491755  0.4860463\n",
       "8  -1.30801960 -0.6118706\n",
       "9   0.54001141 -0.3484168\n",
       "10  0.58826033  1.1001731"
      ]
     },
     "metadata": {},
     "output_type": "display_data"
    }
   ],
   "source": [
    "A %>% select(-(1:3))"
   ]
  },
  {
   "cell_type": "markdown",
   "id": "5261547a-7dc1-48ba-aef3-12953805b119",
   "metadata": {
    "tags": []
   },
   "source": [
    "#### select(...,start_with()) "
   ]
  },
  {
   "cell_type": "markdown",
   "id": "3e97ce9a-3575-4dfb-8ed6-abec60e3e150",
   "metadata": {},
   "source": [
    "`-` 데이터 확인 "
   ]
  },
  {
   "cell_type": "code",
   "execution_count": 16,
   "id": "40b3d000-7fa8-488b-ab40-3f93f9b1c1c2",
   "metadata": {},
   "outputs": [
    {
     "data": {
      "text/plain": [
       "   X1         X2           X3         X4          X5        \n",
       "1   1.0609037  0.277640652 -0.3746345 -1.96467033 -0.5844890\n",
       "2  -1.0505257  0.959482038 -0.9435847 -0.60676104 -0.9356637\n",
       "3  -1.0290604  0.599124995  0.7218863 -0.27151302 -2.0440526\n",
       "4   0.1055703 -1.369148841  0.7232535  0.99386345 -0.5407854\n",
       "5   3.1912967 -0.184630375  2.2373297 -0.76520482  0.6032862\n",
       "6   1.4849662  1.737383374 -1.3140250 -0.08754155  0.6115687\n",
       "7   0.4173023  0.101137345 -0.4616535 -0.97491755  0.4860463\n",
       "8   0.5343688  0.004699876  1.1835127 -1.30801960 -0.6118706\n",
       "9  -0.5788625  0.614463660 -1.1991494  0.54001141 -0.3484168\n",
       "10  0.2178499  0.474925638 -1.6348658  0.58826033  1.1001731"
      ]
     },
     "metadata": {},
     "output_type": "display_data"
    }
   ],
   "source": [
    "A"
   ]
  },
  {
   "cell_type": "markdown",
   "id": "d730d1dd-d95b-4a79-80f8-cd67b92dda39",
   "metadata": {},
   "source": [
    "`-` 열의 이름 확인 및 변경 "
   ]
  },
  {
   "cell_type": "code",
   "execution_count": 17,
   "id": "6330dbdf-0ceb-4ef6-ae0f-984e39a5de87",
   "metadata": {},
   "outputs": [
    {
     "data": {
      "text/plain": [
       "[1] \"X1\" \"X2\" \"X3\" \"X4\" \"X5\""
      ]
     },
     "metadata": {},
     "output_type": "display_data"
    }
   ],
   "source": [
    "colnames(A) "
   ]
  },
  {
   "cell_type": "code",
   "execution_count": 18,
   "id": "e09607c7-2708-4aee-8426-87b5fb461d05",
   "metadata": {},
   "outputs": [],
   "source": [
    "colnames(A)= c('XY1','XY2','XZ1','XZ2','X5')"
   ]
  },
  {
   "cell_type": "code",
   "execution_count": 19,
   "id": "d7a9aecc-8c0e-44b9-818f-92d2d08604d6",
   "metadata": {},
   "outputs": [
    {
     "data": {
      "text/plain": [
       "   XY1        XY2          XZ1        XZ2         X5        \n",
       "1   1.0609037  0.277640652 -0.3746345 -1.96467033 -0.5844890\n",
       "2  -1.0505257  0.959482038 -0.9435847 -0.60676104 -0.9356637\n",
       "3  -1.0290604  0.599124995  0.7218863 -0.27151302 -2.0440526\n",
       "4   0.1055703 -1.369148841  0.7232535  0.99386345 -0.5407854\n",
       "5   3.1912967 -0.184630375  2.2373297 -0.76520482  0.6032862\n",
       "6   1.4849662  1.737383374 -1.3140250 -0.08754155  0.6115687\n",
       "7   0.4173023  0.101137345 -0.4616535 -0.97491755  0.4860463\n",
       "8   0.5343688  0.004699876  1.1835127 -1.30801960 -0.6118706\n",
       "9  -0.5788625  0.614463660 -1.1991494  0.54001141 -0.3484168\n",
       "10  0.2178499  0.474925638 -1.6348658  0.58826033  1.1001731"
      ]
     },
     "metadata": {},
     "output_type": "display_data"
    }
   ],
   "source": [
    "A"
   ]
  },
  {
   "cell_type": "markdown",
   "id": "5c5ddb16-261f-4436-904e-f7dd7533afb7",
   "metadata": {},
   "source": [
    "`-` XY로 시작하는 열을 선택 "
   ]
  },
  {
   "cell_type": "code",
   "execution_count": 20,
   "id": "0d694434-5d6e-430d-94e4-da8f21d88a36",
   "metadata": {},
   "outputs": [
    {
     "data": {
      "text/plain": [
       "   XY1        XY2         \n",
       "1   1.0609037  0.277640652\n",
       "2  -1.0505257  0.959482038\n",
       "3  -1.0290604  0.599124995\n",
       "4   0.1055703 -1.369148841\n",
       "5   3.1912967 -0.184630375\n",
       "6   1.4849662  1.737383374\n",
       "7   0.4173023  0.101137345\n",
       "8   0.5343688  0.004699876\n",
       "9  -0.5788625  0.614463660\n",
       "10  0.2178499  0.474925638"
      ]
     },
     "metadata": {},
     "output_type": "display_data"
    }
   ],
   "source": [
    "A %>% select(starts_with('XY'))"
   ]
  },
  {
   "cell_type": "markdown",
   "id": "799186f2-9df6-448a-a980-26d872d197c9",
   "metadata": {},
   "source": [
    "#### select(...,ends_with()) "
   ]
  },
  {
   "cell_type": "markdown",
   "id": "4659d488-9afb-49a8-b32d-9abff22ecfdd",
   "metadata": {},
   "source": [
    "`-` 데이터확인 "
   ]
  },
  {
   "cell_type": "code",
   "execution_count": 21,
   "id": "9794cdaa-6da6-4907-a9a0-66cb899c20a0",
   "metadata": {},
   "outputs": [
    {
     "data": {
      "text/plain": [
       "   XY1        XY2          XZ1        XZ2         X5        \n",
       "1   1.0609037  0.277640652 -0.3746345 -1.96467033 -0.5844890\n",
       "2  -1.0505257  0.959482038 -0.9435847 -0.60676104 -0.9356637\n",
       "3  -1.0290604  0.599124995  0.7218863 -0.27151302 -2.0440526\n",
       "4   0.1055703 -1.369148841  0.7232535  0.99386345 -0.5407854\n",
       "5   3.1912967 -0.184630375  2.2373297 -0.76520482  0.6032862\n",
       "6   1.4849662  1.737383374 -1.3140250 -0.08754155  0.6115687\n",
       "7   0.4173023  0.101137345 -0.4616535 -0.97491755  0.4860463\n",
       "8   0.5343688  0.004699876  1.1835127 -1.30801960 -0.6118706\n",
       "9  -0.5788625  0.614463660 -1.1991494  0.54001141 -0.3484168\n",
       "10  0.2178499  0.474925638 -1.6348658  0.58826033  1.1001731"
      ]
     },
     "metadata": {},
     "output_type": "display_data"
    }
   ],
   "source": [
    "A"
   ]
  },
  {
   "cell_type": "markdown",
   "id": "fffe006e-3688-442a-aa5a-f14338a95120",
   "metadata": {},
   "source": [
    "`-` 2로 끝나는 열을 선택 "
   ]
  },
  {
   "cell_type": "code",
   "execution_count": 22,
   "id": "fd6e50cc-6dcc-466c-afd0-aedd1c9a5f18",
   "metadata": {},
   "outputs": [
    {
     "data": {
      "text/plain": [
       "   XY2          XZ2        \n",
       "1   0.277640652 -1.96467033\n",
       "2   0.959482038 -0.60676104\n",
       "3   0.599124995 -0.27151302\n",
       "4  -1.369148841  0.99386345\n",
       "5  -0.184630375 -0.76520482\n",
       "6   1.737383374 -0.08754155\n",
       "7   0.101137345 -0.97491755\n",
       "8   0.004699876 -1.30801960\n",
       "9   0.614463660  0.54001141\n",
       "10  0.474925638  0.58826033"
      ]
     },
     "metadata": {},
     "output_type": "display_data"
    }
   ],
   "source": [
    "A %>% select(ends_with('2'))"
   ]
  },
  {
   "cell_type": "markdown",
   "id": "e5c944c7-ef2b-4298-b747-a86fca139a7b",
   "metadata": {},
   "source": [
    "#### select(...,contains()) "
   ]
  },
  {
   "cell_type": "markdown",
   "id": "3505a780-6d8b-47dc-bcf0-e7fbb17451d1",
   "metadata": {},
   "source": [
    "`-` 데이터확인 "
   ]
  },
  {
   "cell_type": "code",
   "execution_count": 23,
   "id": "c9524b4a-e1c6-47f6-8cbd-d33beeba3919",
   "metadata": {},
   "outputs": [
    {
     "data": {
      "text/plain": [
       "   XY1        XY2          XZ1        XZ2         X5        \n",
       "1   1.0609037  0.277640652 -0.3746345 -1.96467033 -0.5844890\n",
       "2  -1.0505257  0.959482038 -0.9435847 -0.60676104 -0.9356637\n",
       "3  -1.0290604  0.599124995  0.7218863 -0.27151302 -2.0440526\n",
       "4   0.1055703 -1.369148841  0.7232535  0.99386345 -0.5407854\n",
       "5   3.1912967 -0.184630375  2.2373297 -0.76520482  0.6032862\n",
       "6   1.4849662  1.737383374 -1.3140250 -0.08754155  0.6115687\n",
       "7   0.4173023  0.101137345 -0.4616535 -0.97491755  0.4860463\n",
       "8   0.5343688  0.004699876  1.1835127 -1.30801960 -0.6118706\n",
       "9  -0.5788625  0.614463660 -1.1991494  0.54001141 -0.3484168\n",
       "10  0.2178499  0.474925638 -1.6348658  0.58826033  1.1001731"
      ]
     },
     "metadata": {},
     "output_type": "display_data"
    }
   ],
   "source": [
    "A"
   ]
  },
  {
   "cell_type": "markdown",
   "id": "8a105c1d-ed09-43c4-8e9e-175597f162d6",
   "metadata": {},
   "source": [
    "`-` Z를 포함하는 열을 선택 "
   ]
  },
  {
   "cell_type": "code",
   "execution_count": 24,
   "id": "39884819-72e1-45df-83aa-162bd0dbaf00",
   "metadata": {},
   "outputs": [
    {
     "data": {
      "text/plain": [
       "   XZ1        XZ2        \n",
       "1  -0.3746345 -1.96467033\n",
       "2  -0.9435847 -0.60676104\n",
       "3   0.7218863 -0.27151302\n",
       "4   0.7232535  0.99386345\n",
       "5   2.2373297 -0.76520482\n",
       "6  -1.3140250 -0.08754155\n",
       "7  -0.4616535 -0.97491755\n",
       "8   1.1835127 -1.30801960\n",
       "9  -1.1991494  0.54001141\n",
       "10 -1.6348658  0.58826033"
      ]
     },
     "metadata": {},
     "output_type": "display_data"
    }
   ],
   "source": [
    "A %>% select(contains(\"Z\"))"
   ]
  },
  {
   "cell_type": "markdown",
   "id": "54082460-c95c-447b-bf93-a9a98301078c",
   "metadata": {},
   "source": [
    "#### select(...,everything()) "
   ]
  },
  {
   "cell_type": "markdown",
   "id": "ca1ac3ee-eda1-4b55-b08b-e96e2993d399",
   "metadata": {},
   "source": [
    "`-` 데이터확인 "
   ]
  },
  {
   "cell_type": "code",
   "execution_count": 25,
   "id": "729831a8-decd-4fb9-86d2-177520944b31",
   "metadata": {},
   "outputs": [
    {
     "data": {
      "text/plain": [
       "   XY1        XY2          XZ1        XZ2         X5        \n",
       "1   1.0609037  0.277640652 -0.3746345 -1.96467033 -0.5844890\n",
       "2  -1.0505257  0.959482038 -0.9435847 -0.60676104 -0.9356637\n",
       "3  -1.0290604  0.599124995  0.7218863 -0.27151302 -2.0440526\n",
       "4   0.1055703 -1.369148841  0.7232535  0.99386345 -0.5407854\n",
       "5   3.1912967 -0.184630375  2.2373297 -0.76520482  0.6032862\n",
       "6   1.4849662  1.737383374 -1.3140250 -0.08754155  0.6115687\n",
       "7   0.4173023  0.101137345 -0.4616535 -0.97491755  0.4860463\n",
       "8   0.5343688  0.004699876  1.1835127 -1.30801960 -0.6118706\n",
       "9  -0.5788625  0.614463660 -1.1991494  0.54001141 -0.3484168\n",
       "10  0.2178499  0.474925638 -1.6348658  0.58826033  1.1001731"
      ]
     },
     "metadata": {},
     "output_type": "display_data"
    }
   ],
   "source": [
    "A"
   ]
  },
  {
   "cell_type": "markdown",
   "id": "8c74c667-ddb2-44a8-bcf9-35a61497d00f",
   "metadata": {},
   "source": [
    "`-` Z를 포함하는 열을 앞으로 이동시킴 "
   ]
  },
  {
   "cell_type": "code",
   "execution_count": 26,
   "id": "281ae71e-db87-4330-862b-9e2f62e75118",
   "metadata": {},
   "outputs": [
    {
     "data": {
      "text/plain": [
       "   XZ1        XZ2         XY1        XY2          X5        \n",
       "1  -0.3746345 -1.96467033  1.0609037  0.277640652 -0.5844890\n",
       "2  -0.9435847 -0.60676104 -1.0505257  0.959482038 -0.9356637\n",
       "3   0.7218863 -0.27151302 -1.0290604  0.599124995 -2.0440526\n",
       "4   0.7232535  0.99386345  0.1055703 -1.369148841 -0.5407854\n",
       "5   2.2373297 -0.76520482  3.1912967 -0.184630375  0.6032862\n",
       "6  -1.3140250 -0.08754155  1.4849662  1.737383374  0.6115687\n",
       "7  -0.4616535 -0.97491755  0.4173023  0.101137345  0.4860463\n",
       "8   1.1835127 -1.30801960  0.5343688  0.004699876 -0.6118706\n",
       "9  -1.1991494  0.54001141 -0.5788625  0.614463660 -0.3484168\n",
       "10 -1.6348658  0.58826033  0.2178499  0.474925638  1.1001731"
      ]
     },
     "metadata": {},
     "output_type": "display_data"
    }
   ],
   "source": [
    "A %>% select(contains(\"Z\"),everything())"
   ]
  },
  {
   "cell_type": "markdown",
   "id": "85380fdb-6d58-4792-a638-3de4f1c02627",
   "metadata": {},
   "source": [
    "### filter()  "
   ]
  },
  {
   "cell_type": "markdown",
   "id": "7d7d18c9-f5b2-4e82-9812-40c31e5b0606",
   "metadata": {},
   "source": [
    "`-` 데이터확인 "
   ]
  },
  {
   "cell_type": "code",
   "execution_count": 27,
   "id": "313cfef2-a9cd-4fd6-9ba4-d146ecdd6a1f",
   "metadata": {},
   "outputs": [
    {
     "data": {
      "text/plain": [
       "   XY1        XY2          XZ1        XZ2         X5        \n",
       "1   1.0609037  0.277640652 -0.3746345 -1.96467033 -0.5844890\n",
       "2  -1.0505257  0.959482038 -0.9435847 -0.60676104 -0.9356637\n",
       "3  -1.0290604  0.599124995  0.7218863 -0.27151302 -2.0440526\n",
       "4   0.1055703 -1.369148841  0.7232535  0.99386345 -0.5407854\n",
       "5   3.1912967 -0.184630375  2.2373297 -0.76520482  0.6032862\n",
       "6   1.4849662  1.737383374 -1.3140250 -0.08754155  0.6115687\n",
       "7   0.4173023  0.101137345 -0.4616535 -0.97491755  0.4860463\n",
       "8   0.5343688  0.004699876  1.1835127 -1.30801960 -0.6118706\n",
       "9  -0.5788625  0.614463660 -1.1991494  0.54001141 -0.3484168\n",
       "10  0.2178499  0.474925638 -1.6348658  0.58826033  1.1001731"
      ]
     },
     "metadata": {},
     "output_type": "display_data"
    }
   ],
   "source": [
    "A"
   ]
  },
  {
   "cell_type": "markdown",
   "id": "cde26efe-f4dd-44fd-8a29-fd2345369e61",
   "metadata": {},
   "source": [
    "`-` X5>0인 행들만 뽑고싶다. "
   ]
  },
  {
   "cell_type": "code",
   "execution_count": 28,
   "id": "6c345619-3239-4c69-ab1b-dc032ebe833d",
   "metadata": {},
   "outputs": [
    {
     "data": {
      "text/plain": [
       "  XY1       XY2        XZ1        XZ2         X5       \n",
       "1 3.1912967 -0.1846304  2.2373297 -0.76520482 0.6032862\n",
       "2 1.4849662  1.7373834 -1.3140250 -0.08754155 0.6115687\n",
       "3 0.4173023  0.1011373 -0.4616535 -0.97491755 0.4860463\n",
       "4 0.2178499  0.4749256 -1.6348658  0.58826033 1.1001731"
      ]
     },
     "metadata": {},
     "output_type": "display_data"
    }
   ],
   "source": [
    "A %>% filter(X5>0)"
   ]
  },
  {
   "cell_type": "markdown",
   "id": "03d21330-c3c1-47e5-ae61-69eb5bb174f1",
   "metadata": {},
   "source": [
    "`-` X5>0 이고 XY2>0 인 행들만 뽑고싶다. "
   ]
  },
  {
   "cell_type": "code",
   "execution_count": 29,
   "id": "54f32806-e093-422d-9a7e-296708964b84",
   "metadata": {},
   "outputs": [
    {
     "data": {
      "text/plain": [
       "  XY1       XY2       XZ1        XZ2         X5       \n",
       "1 1.4849662 1.7373834 -1.3140250 -0.08754155 0.6115687\n",
       "2 0.4173023 0.1011373 -0.4616535 -0.97491755 0.4860463\n",
       "3 0.2178499 0.4749256 -1.6348658  0.58826033 1.1001731"
      ]
     },
     "metadata": {},
     "output_type": "display_data"
    }
   ],
   "source": [
    "A %>% filter(X5>0 & XY2>0) "
   ]
  },
  {
   "cell_type": "markdown",
   "id": "7de87a63-c4b7-4cee-9904-7fcaa22ea3d7",
   "metadata": {},
   "source": [
    "`-` 위의 결과에서 XZ를 포함하는 열을 뽑고싶다. "
   ]
  },
  {
   "cell_type": "code",
   "execution_count": 30,
   "id": "0a880e5d-0b1f-4875-b404-2a432a87be5e",
   "metadata": {},
   "outputs": [
    {
     "data": {
      "text/plain": [
       "  XZ1        XZ2        \n",
       "1 -1.3140250 -0.08754155\n",
       "2 -0.4616535 -0.97491755\n",
       "3 -1.6348658  0.58826033"
      ]
     },
     "metadata": {},
     "output_type": "display_data"
    }
   ],
   "source": [
    "A %>% filter(X5>0 & XY2>0) %>% select(contains(\"XZ\"))"
   ]
  },
  {
   "cell_type": "markdown",
   "id": "722a95db-3f9b-4b7c-8efd-4ac643a927ab",
   "metadata": {},
   "source": [
    "### mutate()"
   ]
  },
  {
   "cell_type": "markdown",
   "id": "891b94d9-1223-4626-a013-c2410a6d68e8",
   "metadata": {},
   "source": [
    "`-` 데이터를 확인 "
   ]
  },
  {
   "cell_type": "code",
   "execution_count": 31,
   "id": "c375c28e-74d0-4c40-897d-7343ac34a600",
   "metadata": {},
   "outputs": [
    {
     "data": {
      "text/plain": [
       "   XY1        XY2          XZ1        XZ2         X5        \n",
       "1   1.0609037  0.277640652 -0.3746345 -1.96467033 -0.5844890\n",
       "2  -1.0505257  0.959482038 -0.9435847 -0.60676104 -0.9356637\n",
       "3  -1.0290604  0.599124995  0.7218863 -0.27151302 -2.0440526\n",
       "4   0.1055703 -1.369148841  0.7232535  0.99386345 -0.5407854\n",
       "5   3.1912967 -0.184630375  2.2373297 -0.76520482  0.6032862\n",
       "6   1.4849662  1.737383374 -1.3140250 -0.08754155  0.6115687\n",
       "7   0.4173023  0.101137345 -0.4616535 -0.97491755  0.4860463\n",
       "8   0.5343688  0.004699876  1.1835127 -1.30801960 -0.6118706\n",
       "9  -0.5788625  0.614463660 -1.1991494  0.54001141 -0.3484168\n",
       "10  0.2178499  0.474925638 -1.6348658  0.58826033  1.1001731"
      ]
     },
     "metadata": {},
     "output_type": "display_data"
    }
   ],
   "source": [
    "A"
   ]
  },
  {
   "cell_type": "markdown",
   "id": "2df32ada-3966-44ba-af2a-dcfb5cae73d6",
   "metadata": {},
   "source": [
    "`-` 새로운 변수추가 "
   ]
  },
  {
   "cell_type": "code",
   "execution_count": 32,
   "id": "a1b5e46e-2147-437a-a38d-80b4d8fc0645",
   "metadata": {},
   "outputs": [
    {
     "data": {
      "text/plain": [
       "   XY1        XY2          XZ1        XZ2         X5         X6       \n",
       "1   1.0609037  0.277640652 -0.3746345 -1.96467033 -0.5844890 0.5844890\n",
       "2  -1.0505257  0.959482038 -0.9435847 -0.60676104 -0.9356637 0.9356637\n",
       "3  -1.0290604  0.599124995  0.7218863 -0.27151302 -2.0440526 2.0440526\n",
       "4   0.1055703 -1.369148841  0.7232535  0.99386345 -0.5407854 0.5407854\n",
       "5   3.1912967 -0.184630375  2.2373297 -0.76520482  0.6032862 0.6032862\n",
       "6   1.4849662  1.737383374 -1.3140250 -0.08754155  0.6115687 0.6115687\n",
       "7   0.4173023  0.101137345 -0.4616535 -0.97491755  0.4860463 0.4860463\n",
       "8   0.5343688  0.004699876  1.1835127 -1.30801960 -0.6118706 0.6118706\n",
       "9  -0.5788625  0.614463660 -1.1991494  0.54001141 -0.3484168 0.3484168\n",
       "10  0.2178499  0.474925638 -1.6348658  0.58826033  1.1001731 1.1001731"
      ]
     },
     "metadata": {},
     "output_type": "display_data"
    }
   ],
   "source": [
    "A %>% mutate(X6=abs(X5))"
   ]
  },
  {
   "cell_type": "markdown",
   "id": "1c686e11-bf37-46b0-b82b-62dd18c7ee3c",
   "metadata": {},
   "source": [
    "`-` 여러개의 새로운 변수를 추가하는 기능도 있음"
   ]
  },
  {
   "cell_type": "code",
   "execution_count": 33,
   "id": "9b889aaf-a1a7-4420-9ab5-9e5d113a76b3",
   "metadata": {},
   "outputs": [
    {
     "data": {
      "text/plain": [
       "   XY1        XY2          XZ1        XZ2         X5         X6       \n",
       "1   1.0609037  0.277640652 -0.3746345 -1.96467033 -0.5844890 0.5844890\n",
       "2  -1.0505257  0.959482038 -0.9435847 -0.60676104 -0.9356637 0.9356637\n",
       "3  -1.0290604  0.599124995  0.7218863 -0.27151302 -2.0440526 2.0440526\n",
       "4   0.1055703 -1.369148841  0.7232535  0.99386345 -0.5407854 0.5407854\n",
       "5   3.1912967 -0.184630375  2.2373297 -0.76520482  0.6032862 0.6032862\n",
       "6   1.4849662  1.737383374 -1.3140250 -0.08754155  0.6115687 0.6115687\n",
       "7   0.4173023  0.101137345 -0.4616535 -0.97491755  0.4860463 0.4860463\n",
       "8   0.5343688  0.004699876  1.1835127 -1.30801960 -0.6118706 0.6118706\n",
       "9  -0.5788625  0.614463660 -1.1991494  0.54001141 -0.3484168 0.3484168\n",
       "10  0.2178499  0.474925638 -1.6348658  0.58826033  1.1001731 1.1001731\n",
       "   Z7       \n",
       "1  0.3416274\n",
       "2  0.8754666\n",
       "3  4.1781510\n",
       "4  0.2924488\n",
       "5  0.3639542\n",
       "6  0.3740163\n",
       "7  0.2362410\n",
       "8  0.3743857\n",
       "9  0.1213943\n",
       "10 1.2103808"
      ]
     },
     "metadata": {},
     "output_type": "display_data"
    }
   ],
   "source": [
    "A %>% mutate(X6=abs(X5),Z7=X5**2)"
   ]
  },
  {
   "cell_type": "markdown",
   "id": "85cea3d7-1a48-4336-939d-6cae9244a4c3",
   "metadata": {},
   "source": [
    "`-` 표준화 "
   ]
  },
  {
   "cell_type": "code",
   "execution_count": 34,
   "id": "92dd2aa2-6ec6-452b-9f6d-e1535730a016",
   "metadata": {},
   "outputs": [
    {
     "data": {
      "text/plain": [
       "   XY1        XY2          XZ1        XZ2         X5         X6       \n",
       "1   1.0609037  0.277640652 -0.3746345 -1.96467033 -0.5844890 0.5844890\n",
       "2  -1.0505257  0.959482038 -0.9435847 -0.60676104 -0.9356637 0.9356637\n",
       "3  -1.0290604  0.599124995  0.7218863 -0.27151302 -2.0440526 2.0440526\n",
       "4   0.1055703 -1.369148841  0.7232535  0.99386345 -0.5407854 0.5407854\n",
       "5   3.1912967 -0.184630375  2.2373297 -0.76520482  0.6032862 0.6032862\n",
       "6   1.4849662  1.737383374 -1.3140250 -0.08754155  0.6115687 0.6115687\n",
       "7   0.4173023  0.101137345 -0.4616535 -0.97491755  0.4860463 0.4860463\n",
       "8   0.5343688  0.004699876  1.1835127 -1.30801960 -0.6118706 0.6118706\n",
       "9  -0.5788625  0.614463660 -1.1991494  0.54001141 -0.3484168 0.3484168\n",
       "10  0.2178499  0.474925638 -1.6348658  0.58826033  1.1001731 1.1001731\n",
       "   Z7        Z8         \n",
       "1  0.3416274 -0.40625395\n",
       "2  0.8754666  0.03171735\n",
       "3  4.1781510  2.74129914\n",
       "4  0.2924488 -0.44660092\n",
       "5  0.3639542 -0.38793663\n",
       "6  0.3740163 -0.37968154\n",
       "7  0.2362410 -0.49271484\n",
       "8  0.3743857 -0.37937846\n",
       "9  0.1213943 -0.58693717\n",
       "10 1.2103808  0.30648701"
      ]
     },
     "metadata": {},
     "output_type": "display_data"
    }
   ],
   "source": [
    "A %>% mutate(X6=abs(X5),Z7=X5**2,Z8=(Z7-mean(Z7))/sd(Z7)) "
   ]
  },
  {
   "cell_type": "markdown",
   "id": "754238fd-f1d7-4063-9119-e9ba6c36405a",
   "metadata": {},
   "source": [
    "### group_by()"
   ]
  },
  {
   "cell_type": "code",
   "execution_count": 37,
   "id": "899d2934-af64-45f5-9541-f7dea382b802",
   "metadata": {},
   "outputs": [],
   "source": [
    "sex = c(\"M\",\"M\",\"M\",\"F\",\"F\",\"F\",\"F\")\n",
    "value = c(1,2,3,10,20,30,40)"
   ]
  },
  {
   "cell_type": "code",
   "execution_count": 39,
   "id": "0f6ad056-b4b5-448e-874d-870a2ba9ddb9",
   "metadata": {},
   "outputs": [
    {
     "data": {
      "text/plain": [
       "  sex value\n",
       "1 M    1   \n",
       "2 M    2   \n",
       "3 M    3   \n",
       "4 F   10   \n",
       "5 F   20   \n",
       "6 F   30   \n",
       "7 F   40   "
      ]
     },
     "metadata": {},
     "output_type": "display_data"
    }
   ],
   "source": [
    "df=tibble(sex=sex,value=value)\n",
    "df"
   ]
  },
  {
   "cell_type": "code",
   "execution_count": 45,
   "id": "4694fefd-b853-4657-a866-38a1d1200647",
   "metadata": {},
   "outputs": [
    {
     "data": {
      "text/plain": [
       "  sex mean_value\n",
       "1 F   25        \n",
       "2 M    2        "
      ]
     },
     "metadata": {},
     "output_type": "display_data"
    }
   ],
   "source": [
    "df %>% group_by(sex) %>% summarise(mean_value= mean(value))"
   ]
  },
  {
   "cell_type": "markdown",
   "id": "ed1ac42a-56cf-4e12-890f-95ed2b2c93de",
   "metadata": {},
   "source": [
    "- 그룹별로 묶은다음에 평균을 계산함 "
   ]
  },
  {
   "cell_type": "markdown",
   "id": "67f286a7-a3e9-46d4-b0d9-4e06255bee59",
   "metadata": {},
   "source": [
    "`-` 신기한데? 다른것도 실습해보자. "
   ]
  },
  {
   "cell_type": "code",
   "execution_count": 54,
   "id": "4024f7e0-aedf-4bcf-9835-625616b71ecc",
   "metadata": {},
